GridValues
0.0
2.0
4.5
7.0
9.0
11.0
13.5
16.0
18.0
Experiment
For 0 layer
17.5
17.867846232179225
18.1
18.105808961303463
17.974781262729124
17.839815885947047
17.795878207739307
17.9
18.173319755600815
18.5
18.740819755600814
18.8
18.650478207739308
18.496615885947048
18.591581262729125
18.98040896130346
19.5
20.010346232179227
20.5
For 1 layer
15.0
15.070425946608852
15.1
15.05893474366555
14.961700667936842
14.833926058296651
14.703385524385169
14.6
14.541939863784684
14.5
14.445595777763177
14.4
14.394009180299149
14.44665724109235
14.573098517399208
14.766891732912862
15.0
15.24741519392068
15.5
For 2 layer
9.5
9.54976340253597
9.6
9.649213895276262
9.688032823073385
9.708085776230208
9.769319801589909
10.0
10.46953173247487
11.0
11.416063990539387
11.8
12.274048833847974
12.86269222784311
13.562639274686289
14.293942927534328
14.9
15.271295660600487
15.5
For 3 layer
5.2
5.6702160666184875
6.0
6.094456730832403
6.0408394455029235
5.968582826358321
5.929943492543197
5.9
5.856338775376125
5.8
5.7532742592470925
5.8
6.021685428027068
6.428969923132515
7.013226542277117
7.730198666316274
8.5
9.257151550489455
10.0
For 4 layer
3.2
3.198317456146114
3.2
3.2057879508573683
3.2059225543656793
3.1884317193351293
3.1508062807962687
3.1
3.03233985940477
2.9
2.6933882465015437
2.6
2.7787998291833653
3.077541396754484
3.2710322317850338
3.245781499244465
3.0
2.554365843242888
2.0
